17769:
2002893
1067546
2283362
575830
488038
1741600
2209414
235412
720417
1189685
2548795
2586954
2191231
1481650
2157972
1856467
877689
930938
529463
2515639
477122
2099530
2278188
31325
1184418
829274
1493484
335694
2062644
2243916
2270286
492614
2627275
1595937
2031645
1503344
560286
1460897
1171086
591909
2378414
449978
1206769
1189598
1575539
713715
58024
1058172
299599
2164204
273020
905947
1100039
117476
23504
2591003
1052545
855793
1904849
2105243
2643448
1507887
1894334
1693315
1322794
1869327
1021320
8439
1092195
2067776
823372
1368379
2189429
256676
204712
958502
520550
663940
497891
1388293
898449
2095411
2532354
1164998